1e-06 15.1042547226 14.3033753476 0.800879375
2e-06 15.8680639267 14.2774761767 1.59058775
3e-06 16.605846405 14.2361049675 2.3697414375
4e-06 17.3558712006 14.2143369506 3.14153425
5e-06 18.1074199677 14.2051843427 3.902235625
6e-06 18.8479404449 14.1948991949 4.65304125
7e-06 19.5582542419 14.1616703044 5.3965839375
8e-06 20.2549247742 14.1298772742 6.1250475
9e-06 20.9643478394 14.1111004019 6.8532474375
1e-05 21.6555938721 14.0952526221 7.56034125
2e-05 28.1034450531 13.8719650531 14.23148
3e-05 33.7945861816 13.6721836816 20.1224025
4e-05 38.7361526489 13.4466601489 25.2894925
5e-05 43.0682182312 13.2352994812 29.83291875
6e-05 46.8736190796 13.0289803296 33.84463875
7e-05 50.1399726868 12.8279164368 37.31205625
8e-05 52.9328727722 12.6378377722 40.295035
9e-05 55.3538169861 12.4630288611 42.890788125
0.0001 57.3012962341 12.2845774841 45.01671875