-17 -7
-16 -9
-6 -2
-7 1
-9 11
-14 16
-4 17
-11 25
-11 29
-9 34
-12 44
-7 39
-11 48
-3 57
-10 62
-16 65
-14 67
-10 71
-11 70
-8 84
-9 87
-13 95
-16 102
-4 109
-9 111
-5 115
-10 119
-16 122
-8 134
-1 132
-11 139
-10 147
-12 155
-9 160
-12 163
-7 166
-13 169
-10 173
-8 185
-7 180
-4 188
-3 195
-11 194
-10 207
-10 204
-10 211
-13 222
-15 220
-11 225
-13 242
-15 241
-10 242
-2 -10
-7 -2
-4 2
-4 8
-3 6
-6 20
-1 21
2 25
-6 32
-10 41
-3 35
-10 44
-11 48
-5 48
-5 67
-8 68
-2 73
-1 78
-9 80
-2 90
-8 96
-8 100
-4 93
-3 102
-1 107
-2 113
-8 120
-8 120
-8 120
-9 137
-9 149
-2 142
-9 156
-5 152
3 160
-9 165
-6 168
-10 168
-3 181
1 191
-5 183
-4 198
1 196
-3 206
-8 208
-7 217
-4 221
-10 224
-1 233
-8 241
-5 245
-5 242
-1 -7
-4 -4
5 -10
-3 0
0 9
4 19
1 16
-1 16
3 33
0 38
1 38
2 47
1 41
5 54
0 66
1 71
0 73
3 74
1 86
-3 86
0 86
-3 95
-4 103
0 105
6 107
-2 115
1 117
5 123
-3 133
7 140
6 143
-1 141
-9 143
-2 154
3 160
-2 165
-3 173
2 172
4 182
2 186
-8 192
-3 191
4 197
-3 203
-3 206
3 217
0 219
4 228
-2 228
-3 233
6 243
3 244
6 -10
9 -8
7 3
3 0
3 19
8 13
2 20
0 22
2 31
6 35
8 39
2 47
3 48
2 54
6 59
-2 69
2 70
2 67
7 77
4 88
7 93
8 96
4 99
1 101
2 107
6 110
3 115
11 128
1 135
8 136
-1 141
1 137
2 147
11 156
7 162
8 160
0 172
9 172
5 179
2 180
3 184
5 193
1 198
8 207
6 207
0 223
5 217
15 215
3 236
0 235
1 239
11 244
2 -11
14 -4
14 8
12 6
12 8
10 11
9 15
12 32
10 29
9 33
0 36
9 48
10 43
10 58
9 63
18 66
13 73
4 84
9 72
16 83
9 96
5 100
20 103
5 112
10 111
10 109
12 112
11 129
10 130
5 132
11 138
16 146
12 153
6 152
15 150
10 160
13 173
7 171
3 185
5 190
12 188
5 196
11 199
9 210
12 213
11 216
4 216
7 227
13 230
15 236
15 244
15 249
14 -8
8 0
10 6
10 3
17 12
14 16
17 15
21 23
13 32
15 33
15 41
18 41
15 45
14 50
12 60
18 63
24 68
10 75
19 79
19 86
9 91
19 100
12 104
19 104
10 116
13 119
11 115
13 123
14 133
5 142
15 142
15 147
18 152
17 163
10 161
14 165
12 177
11 172
12 185
19 184
18 185
15 198
14 205
20 204
18 210
15 209
8 221
15 226
6 229
19 239
25 246
7 245
24 -12
20 -6
28 3
21 -2
19 6
19 14
18 23
26 26
22 31
18 33
23 43
19 38
19 48
30 56
14 53
18 64
18 67
22 80
21 79
17 84
30 92
24 92
19 98
21 106
26 107
19 109
22 119
20 119
23 129
27 138
18 146
26 148
26 149
14 151
19 154
17 162
22 168
22 175
23 179
20 184
21 187
11 200
23 197
27 205
17 220
28 221
20 224
17 228
20 234
26 235
17 242
25 239
29 -18
26 -8
26 -2
27 8
25 13
26 10
33 11
23 26
30 36
29 34
30 43
23 45
23 52
22 54
22 63
20 66
22 67
25 75
20 82
25 90
28 88
21 87
26 97
27 101
24 106
20 117
30 126
22 125
21 128
29 143
27 140
22 141
23 147
28 158
28 159
22 165
23 173
25 166
17 181
23 183
24 194
24 201
31 196
24 207
23 215
20 215
29 218
20 221
24 226
27 242
25 242
24 250
32 -11
32 -7
33 0
33 9
32 8
36 14
25 17
35 26
34 26
35 37
26 42
35 40
34 50
26 56
40 65
31 60
37 66
34 67
25 79
27 87
30 92
26 95
34 107
32 103
34 113
34 118
26 121
36 121
35 127
32 143
30 149
26 147
35 149
35 153
34 160
31 161
29 169
36 178
40 174
30 180
37 188
37 199
27 202
24 204
25 206
25 213
28 216
36 224
30 228
21 235
30 243
28 240
30 -10
35 -7
35 -1
37 6
30 10
35 13
37 19
38 25
33 27
38 37
35 35
36 49
42 55
27 53
37 64
34 62
33 64
39 74
35 79
42 81
32 96
26 100
40 95
35 100
37 118
39 115
38 123
28 133
32 124
37 131
38 136
26 152
37 150
33 152
32 160
37 165
42 171
31 181
32 188
30 184
34 189
35 185
31 197
35 203
31 204
31 216
33 221
27 227
32 232
32 241
37 237
30 236
44 -11
37 -4
42 -5
38 -1
43 13
42 13
41 21
35 31
41 34
40 36
43 37
40 45
49 57
39 57
35 66
40 58
39 71
42 69
35 81
39 90
41 90
36 89
38 101
44 109
42 117
38 115
45 117
35 121
40 132
40 128
38 143
40 138
35 149
36 153
36 158
44 166
30 170
33 180
46 186
31 181
42 195
36 199
41 202
44 206
37 206
42 217
42 224
45 226
42 228
37 235
36 233
40 240
40 -4
41 -4
46 4
51 9
44 4
44 12
48 17
52 25
46 22
53 34
46 37
45 45
47 54
46 50
40 56
43 63
47 65
44 69
44 82
48 81
38 89
41 89
41 108
46 108
47 106
52 114
47 119
47 132
47 126
43 134
44 141
48 147
39 145
46 151
49 158
44 174
46 168
52 171
47 179
45 186
49 186
43 196
47 204
42 206
49 215
46 211
50 217
52 220
44 232
36 230
50 237
44 245
55 -16
57 -5
43 -8
47 6
48 15
52 15
47 19
48 25
45 32
52 36
53 36
46 41
48 41
49 52
48 54
48 64
44 71
48 75
44 88
53 93
47 86
50 89
49 105
51 104
53 106
53 118
50 118
41 131
56 135
42 136
56 139
50 144
49 151
49 162
53 158
51 162
49 178
49 180
47 176
51 190
50 187
54 196
52 203
54 202
50 206
51 212
55 226
52 224
52 235
55 235
47 238
51 245
59 -13
57 -2
53 7
60 -2
50 13
58 7
53 19
65 24
60 33
61 33
55 40
54 44
49 57
57 62
55 66
52 61
59 77
55 74
50 81
51 91
63 89
56 92
49 98
57 98
57 106
55 115
53 117
47 123
52 133
58 138
62 136
51 136
50 149
62 165
58 154
57 169
54 175
57 180
56 179
54 185
49 189
49 186
56 201
56 210
52 210
48 206
58 217
57 223
60 229
59 239
56 235
50 249
59 -11
63 -3
59 0
61 10
53 5
54 20
62 25
62 18
59 33
62 32
59 44
57 46
64 49
56 63
62 69
66 58
60 74
59 77
56 74
64 85
61 88
61 89
57 104
64 102
61 106
63 118
58 124
63 128
60 131
60 125
57 140
55 145
60 148
58 156
59 161
61 158
61 174
57 177
57 177
64 193
59 195
62 188
57 198
62 208
57 216
63 213
58 214
61 227
60 232
64 234
55 248
57 244
66 -14
71 -1
69 2
60 7
69 11
57 12
71 21
69 25
73 28
70 35
64 37
64 45
68 48
58 55
62 59
63 60
73 71
73 70
62 82
67 82
65 85
68 93
68 98
72 112
64 112
65 114
67 116
70 119
64 133
65 142
63 138
68 141
72 147
67 151
64 163
72 162
69 164
70 174
66 183
66 182
69 183
65 195
58 194
70 206
64 215
66 224
61 218
74 227
70 224
64 232
63 245
68 245
72 -18
64 -9
61 -4
67 9
72 10
63 19
78 30
71 22
67 36
75 37
71 36
68 49
68 46
69 51
74 58
72 75
69 67
71 77
68 83
74 79
74 88
67 102
70 100
69 109
78 112
64 110
68 112
72 131
79 127
72 129
69 141
72 143
70 155
74 147
68 152
67 159
64 171
71 173
74 181
74 184
75 189
73 194
64 198
72 205
71 218
72 212
74 223
69 226
71 231
63 239
68 237
67 246
74 -9
67 -2
72 6
74 6
70 17
75 11
76 17
78 25
71 31
78 38
74 37
79 43
73 57
71 56
74 58
77 71
68 71
77 70
79 75
74 83
77 94
83 96
75 100
77 104
77 109
72 115
71 119
73 125
83 125
80 139
69 144
79 144
71 152
85 159
79 158
72 172
72 169
76 176
74 175
70 192
80 191
73 200
70 206
75 203
72 206
72 218
74 222
66 228
70 231
74 236
73 239
71 246
84 -8
85 -2
85 -5
77 7
82 10
79 12
78 19
83 27
82 33
80 31
89 47
84 43
84 60
76 49
85 55
78 62
81 68
81 75
82 89
87 79
87 87
81 95
79 98
81 108
77 112
80 116
84 119
86 123
80 128
79 138
76 134
79 144
75 145
77 156
80 160
78 160
75 170
86 177
71 184
70 183
82 182
75 186
77 200
79 204
75 214
76 211
75 222
76 221
78 225
79 235
74 242
77 252
92 -4
84 -4
88 1
80 15
85 14
85 9
87 20
84 24
86 27
88 38
84 41
88 43
88 58
80 58
89 56
88 60
88 66
90 70
85 75
84 80
85 92
91 92
91 99
83 108
78 106
89 122
76 118
93 127
80 126
82 136
84 141
85 142
90 146
90 156
85 152
83 167
84 165
82 175
88 185
84 186
88 188
81 195
81 197
82 203
75 209
94 221
85 223
86 234
89 232
80 232
89 240
86 242
87 -2
87 -11
90 1
83 4
92 10
90 14
89 28
95 20
95 35
92 33
94 46
91 51
87 52
91 53
98 57
94 63
96 69
92 73
86 84
94 88
85 81
83 97
90 94
88 107
90 110
89 118
85 124
90 131
90 129
85 132
90 136
90 152
92 144
94 161
93 155
90 164
81 170
92 179
85 178
93 187
95 186
88 193
88 204
90 204
80 210
85 205
82 222
84 227
98 233
88 240
91 242
88 243
96 -3
88 -6
90 -2
98 5
95 16
92 15
91 25
98 26
94 34
95 37
99 32
94 51
92 50
101 57
92 58
95 63
94 77
98 75
95 78
94 86
97 90
97 94
93 102
90 105
99 115
86 114
94 120
98 127
97 138
98 131
88 143
93 150
95 140
102 160
96 162
91 163
97 165
97 178
93 182
91 191
97 194
97 201
93 197
102 200
93 212
93 217
94 217
94 228
94 230
93 234
95 243
92 248
105 -4
99 -4
99 3
105 -3
102 12
90 14
101 18
102 32
98 29
99 33
93 45
104 43
104 45
98 60
102 58
96 64
93 73
96 75
104 72
103 86
95 93
97 95
107 105
90 109
104 112
101 110
102 128
95 129
102 130
99 134
100 138
100 144
108 158
97 151
102 165
104 163
98 165
93 178
97 186
98 187
99 189
100 188
100 207
104 206
103 213
102 223
98 225
103 224
93 235
110 233
99 243
106 252
99 -11
104 -3
106 0
105 -1
106 5
104 12
104 24
106 33
106 29
106 34
106 46
101 50
109 48
106 53
102 57
106 66
107 70
107 71
103 79
108 81
100 90
114 94
106 98
109 103
104 108
108 120
101 115
98 126
109 130
102 134
115 137
106 140
107 154
103 151
105 158
108 165
104 170
106 180
98 176
103 182
108 189
106 198
107 198
96 203
105 209
105 214
103 222
100 227
104 231
100 237
111 238
106 249
109 -9
110 -8
110 2
110 2
111 10
105 23
110 15
104 22
114 29
108 43
108 39
113 47
112 53
113 57
104 57
108 72
112 71
114 68
112 82
111 86
114 88
107 90
109 99
107 111
110 108
109 113
108 122
106 124
112 133
110 136
104 144
108 138
107 148
112 159
106 165
106 166
114 170
111 177
111 180
112 184
114 193
111 187
112 196
110 200
108 209
106 220
110 218
106 221
114 232
107 238
109 241
110 239
121 -8
116 -8
114 -3
119 4
112 13
110 5
116 19
114 33
112 37
112 34
121 40
109 41
109 58
112 57
117 65
108 71
116 76
111 73
117 74
112 86
113 94
115 89
114 93
117 108
121 108
109 116
113 124
111 122
117 130
111 135
120 141
117 149
125 143
113 155
119 155
111 157
115 166
114 171
113 178
116 189
116 191
115 193
111 207
118 204
115 206
113 218
114 224
120 222
119 224
117 235
114 237
113 244
116 -8
110 -15
124 6
119 5
120 12
116 12
121 10
122 24
119 24
122 31
123 43
120 46
119 53
121 58
119 63
118 62
119 67
118 78
116 85
124 83
112 86
116 102
121 103
119 106
121 116
119 113
119 118
123 128
119 126
121 135
122 143
119 141
127 159
115 152
117 159
120 164
124 164
121 173
122 181
119 183
116 191
120 192
120 202
116 204
114 209
119 217
115 215
123 223
118 223
124 234
118 241
125 246
130 -8
124 -10
122 -2
128 4
131 20
125 20
120 17
129 28
129 27
128 35
124 39
126 44
123 45
124 56
126 62
131 65
123 80
129 69
122 75
130 79
125 86
125 91
127 103
123 104
120 115
134 113
124 119
127 122
133 132
125 140
121 138
130 145
129 146
129 151
129 159
125 167
124 172
126 174
121 183
129 180
124 191
121 191
120 196
127 205
124 213
128 209
129 221
120 215
124 230
131 233
121 240
126 247
132 -16
135 -5
138 -1
135 2
134 19
132 16
128 19
133 15
134 28
127 35
132 38
130 46
135 49
130 56
132 59
140 63
125 67
131 82
137 77
127 80
135 95
128 94
132 99
126 102
129 105
133 117
131 121
131 130
124 132
130 138
127 145
127 145
134 144
130 145
132 158
125 168
128 168
128 171
132 178
121 189
129 193
130 196
132 195
132 207
127 207
130 216
126 218
131 218
131 228
124 237
132 238
120 249
133 -13
136 -4
136 7
131 9
139 11
126 17
137 15
127 25
144 35
135 35
135 32
128 44
131 50
141 56
134 55
134 64
129 67
145 76
132 83
135 79
137 95
131 98
137 96
135 105
138 116
131 116
138 117
133 131
138 126
126 135
136 141
141 141
139 151
133 164
133 165
140 162
138 169
145 171
139 186
137 186
136 192
136 191
133 208
139 208
131 205
130 219
141 220
137 229
134 232
135 239
136 242
131 243
140 -11
137 -1
138 5
134 11
145 17
137 11
147 23
145 26
136 31
142 34
137 37
133 47
140 57
138 52
137 61
136 65
137 73
130 82
135 81
145 83
143 85
140 95
136 101
146 104
142 111
140 123
140 122
144 127
134 138
145 133
142 144
134 149
135 154
142 159
143 166
138 165
145 172
134 174
139 170
140 191
141 187
138 196
136 205
145 211
137 207
142 221
140 222
135 225
136 230
140 233
137 232
142 238
144 -13
146 -3
149 1
145 -2
145 9
149 14
144 22
140 21
152 27
144 30
143 38
144 46
142 55
140 56
153 58
147 63
147 70
144 82
150 83
145 82
146 88
147 97
148 100
145 107
148 107
143 111
149 121
149 121
149 122
146 134
150 138
143 147
142 150
147 155
147 159
147 163
149 173
143 173
151 176
136 177
138 188
144 195
150 200
146 205
141 209
143 215
144 220
147 222
147 222
141 226
143 233
151 247
159 -11
158 0
143 5
146 9
150 9
150 9
146 22
147 17
149 30
144 34
155 38
155 44
154 52
158 53
151 62
143 63
151 70
155 74
153 84
145 89
148 90
146 93
150 101
148 108
154 101
145 114
144 116
151 127
151 128
150 133
146 139
157 141
150 157
149 163
151 157
149 168
152 167
150 178
146 181
149 185
156 189
149 197
144 198
144 203
150 208
155 211
153 224
147 220
147 228
149 237
157 242
151 242
153 -13
155 -12
158 0
152 7
158 5
159 9
153 18
152 15
156 28
153 29
145 37
154 49
159 55
153 54
154 62
147 62
151 69
149 78
162 73
153 80
151 94
152 95
153 95
153 105
148 112
149 120
151 129
148 126
157 127
159 128
156 146
162 148
158 149
150 158
156 158
151 163
157 167
152 184
155 178
152 185
155 190
158 197
154 206
151 195
152 213
150 210
147 221
161 228
159 223
159 239
154 238
155 248
154 -8
155 -1
166 0
162 7
169 14
161 15
165 23
168 28
167 29
162 39
160 39
164 40
159 50
161 51
159 64
160 71
159 68
165 76
156 80
166 83
160 94
161 97
165 100
160 100
158 117
155 114
155 125
163 126
163 134
157 133
162 137
162 147
159 145
158 159
163 152
160 164
161 170
156 174
160 179
162 189
157 188
154 192
156 196
162 205
154 210
161 216
161 222
156 221
160 235
170 236
162 238
164 243
163 -7
170 -4
162 -2
165 3
164 7
167 12
173 20
163 24
162 29
155 42
169 37
167 52
163 51
167 53
163 57
167 62
156 70
172 69
174 80
164 81
161 94
164 89
166 93
166 112
165 117
161 117
165 123
162 131
158 129
168 134
168 142
168 143
162 145
168 151
171 164
171 167
164 171
164 181
164 182
161 184
166 181
166 198
172 195
160 212
168 215
164 215
164 220
166 224
160 228
167 227
170 242
164 247
171 -12
171 -5
172 5
172 -1
175 5
164 11
171 21
176 27
174 32
174 34
173 46
171 38
165 60
168 55
172 59
177 63
167 69
164 75
174 78
177 90
170 92
170 95
170 97
176 101
171 112
167 114
165 123
168 115
171 137
173 130
168 136
168 148
164 152
171 152
165 164
176 161
166 174
168 172
172 184
173 175
170 186
174 195
170 198
176 206
173 200
171 214
175 220
171 223
174 233
173 234
171 236
172 246
184 -10
174 -12
180 6
173 6
175 12
177 13
180 19
181 24
181 26
176 33
181 43
179 45
178 52
176 57
175 63
172 65
181 73
179 74
171 76
174 88
178 89
182 94
179 99
175 105
168 112
171 123
172 124
178 126
179 129
178 135
175 147
180 144
178 143
173 154
176 167
171 167
179 172
170 171
170 174
172 189
173 196
175 202
175 207
181 205
174 213
174 216
176 220
174 231
175 223
177 233
176 236
174 244
181 -2
186 -8
179 -4
178 8
180 14
179 17
175 12
182 29
181 30
182 29
182 40
181 46
182 51
176 52
181 62
181 59
183 77
185 81
179 81
176 86
185 91
179 97
183 100
179 105
184 109
174 108
179 111
181 130
182 126
176 132
181 140
179 146
178 152
186 157
181 162
183 163
180 173
180 172
181 174
180 175
182 190
178 195
170 202
176 206
185 203
181 214
180 225
184 227
180 226
178 236
171 241
183 248
186 -4
184 -1
184 4
188 7
188 5
188 17
189 19
192 29
175 25
175 33
180 36
188 41
184 45
185 53
190 62
190 59
182 74
184 81
189 73
187 82
193 89
183 88
183 105
185 103
182 111
186 118
180 118
191 128
184 124
186 131
183 137
187 151
181 152
175 155
181 160
193 164
187 175
185 173
181 179
180 187
187 186
184 193
179 198
183 207
186 204
186 215
183 218
188 223
190 228
187 234
186 241
188 244
193 -18
184 -3
191 -2
193 3
190 7
190 14
192 18
187 20
197 31
190 39
189 44
188 45
194 42
188 59
189 65
188 68
192 75
183 79
185 84
187 79
197 83
191 93
197 94
190 108
182 109
193 114
194 119
192 123
196 133
188 131
183 145
194 154
197 150
199 157
191 167
193 160
188 171
196 174
186 175
190 185
192 188
193 190
194 198
189 215
185 211
197 211
189 221
193 217
189 236
183 233
191 249
186 243
195 -11
203 -5
196 -4
204 7
198 12
198 16
193 19
203 30
202 31
192 33
202 42
188 39
203 52
199 52
192 64
195 63
194 70
196 72
197 74
199 82
198 86
191 99
190 100
204 101
197 108
188 118
197 116
186 124
192 131
203 141
200 141
193 145
198 149
203 151
201 164
195 163
197 170
194 175
199 180
195 188
188 186
196 196
192 201
198 208
203 212
198 217
194 226
197 226
194 223
198 236
195 245
197 242
196 -8
198 -10
201 -6
202 -1
193 9
195 11
200 24
200 30
198 25
204 27
202 35
202 40
194 50
208 52
204 62
195 64
202 79
202 74
196 84
199 87
202 89
205 96
199 98
196 107
198 110
193 115
201 117
202 130
201 129
202 137
200 140
195 148
193 148
203 153
200 159
203 169
202 171
203 174
200 181
201 183
200 188
194 192
200 199
201 210
198 210
198 224
197 214
197 226
202 231
200 237
201 237
199 245
207 -6
210 -8
204 2
206 9
203 11
208 19
215 20
196 28
212 24
207 39
212 41
205 42
212 50
205 58
208 57
207 70
207 64
205 77
213 80
209 88
209 87
202 101
200 97
206 115
204 110
195 108
211 121
205 123
206 128
210 133
206 134
210 148
198 152
202 149
208 160
207 160
202 170
204 172
203 181
203 191
211 186
200 199
203 197
209 202
208 209
204 212
208 216
208 223
205 234
204 229
203 247
200 245
213 -15
205 -4
208 1
213 0
204 11
214 19
210 21
214 22
212 32
210 31
208 39
202 44
210 51
211 58
206 61
214 67
210 76
211 73
215 78
218 84
204 89
205 96
209 102
205 104
217 110
211 107
200 122
207 122
201 123
210 139
207 141
205 140
210 149
204 153
211 150
210 171
200 168
212 176
206 180
211 182
207 197
206 199
211 200
204 199
207 207
213 208
209 220
203 220
210 226
210 236
208 244
210 248
216 -10
215 5
212 2
214 0
213 5
219 11
216 22
216 30
217 33
210 38
214 37
212 43
212 45
215 62
219 62
214 61
212 64
206 74
216 82
218 85
216 85
211 95
219 102
215 100
213 110
216 112
213 121
211 129
216 125
215 140
221 141
218 136
220 151
214 155
214 162
217 165
215 174
220 176
211 176
221 184
215 184
218 194
218 201
214 203
216 211
216 214
211 222
214 223
213 229
213 231
224 237
217 245
219 -5
224 -5
214 3
217 7
216 14
224 16
221 21
225 34
219 23
222 40
224 36
213 44
223 55
217 52
220 55
217 55
222 72
224 76
222 75
225 81
222 87
214 94
218 104
223 104
216 115
218 109
225 116
220 130
227 128
222 139
223 137
217 141
223 142
226 162
220 165
221 167
219 165
219 174
228 179
222 187
218 190
218 200
229 207
221 215
219 203
224 221
222 216
219 227
224 230
219 240
221 247
221 244
229 -5
222 -6
228 4
223 11
226 19
229 13
228 18
228 26
231 31
225 37
221 35
226 35
224 55
224 63
224 63
219 64
223 61
227 71
224 78
220 85
226 83
221 94
224 105
221 104
224 109
222 114
227 125
219 133
223 126
228 135
215 134
228 149
228 149
220 160
223 162
230 162
225 170
222 176
219 187
225 177
233 190
218 190
223 190
223 197
228 219
225 214
223 224
229 218
229 228
217 235
227 234
227 245
235 -15
226 4
236 4
230 15
231 9
235 10
227 17
228 26
237 33
234 40
231 30
232 49
230 48
229 58
226 62
232 66
227 72
228 80
224 86
225 83
223 96
231 92
228 107
235 108
225 114
230 114
233 115
234 127
229 122
237 128
234 143
232 144
227 148
228 152
230 152
224 163
228 169
232 173
233 173
231 183
231 183
227 198
232 200
233 209
229 213
228 209
230 218
228 224
231 232
237 243
233 240
229 251
240 -15
231 -6
241 0
236 5
239 7
236 15
236 15
233 24
241 34
233 34
241 34
240 44
240 43
232 53
237 65
230 68
226 66
232 71
236 71
234 79
234 93
230 102
237 103
236 102
237 112
233 117
238 119
235 131
241 120
239 137
239 134
241 142
233 146
231 155
238 162
231 160
231 168
234 176
239 178
245 183
241 190
230 198
241 203
239 204
230 208
226 212
237 220
229 225
232 231
235 231
240 242
233 249
238 -10
245 -8
239 2
241 4
239 8
243 15
246 23
237 19
244 23
235 36
244 35
242 46
236 54
232 54
242 58
239 69
238 70
243 74
240 82
243 88
244 87
239 95
237 101
238 105
246 120
238 116
246 123
242 115
246 132
233 137
241 131
247 147
238 152
241 153
243 164
242 164
237 169
246 179
240 181
238 186
248 188
239 204
246 200
235 207
241 214
239 211
244 213
240 224
241 229
242 236
241 240
241 239
246 -12
250 -6
251 2
255 11
252 12
245 14
248 23
247 25
242 28
246 37
246 39
247 42
245 56
243 59
241 58
246 67
245 65
245 73
247 79
246 89
239 88
241 94
246 100
242 102
247 103
246 112
250 118
240 122
250 126
253 140
246 143
239 139
249 148
239 150
243 164
241 168
244 175
247 175
237 179
245 184
242 188
242 197
247 196
244 207
249 219
248 213
248 219
246 222
249 232
246 231
239 247
243 240
